-738.5
-738.4995
-738.4985
-738.4971
-738.4951
-738.4927
-738.4897
-738.4863
-738.4824
-738.4781
-738.4733
-738.468
-738.4622
-738.4559
-738.4491
-738.4418
-738.4341
-738.4258
-738.4171
-738.4079
-738.3982
-738.388
-738.3773
-738.3661
-738.3545
-738.3424
-738.3298
-738.3168
-738.3032
-738.2892
-738.2747
-738.2596
-738.2441
-738.2281
-738.2117
-738.1947
-738.1772
-738.1593
-738.1409
-738.1219
-738.1025
-738.0826
-738.0623
-738.0415
-738.0202
-737.9984
-737.9761
-737.9534
-737.9301
-737.9064
-737.8821
-737.8574
-737.8322
-737.8065
-737.7803
-737.7537
-737.7265
-737.6989
-737.6708
-737.6422
-737.6132
-737.5836
-737.5536
-737.5231
-737.4921
-737.4606
-737.4286
-737.3961
-737.3632
-737.3297
-737.2958
-737.2614
-737.2264
-737.191
-737.1552
-737.1188
-737.082
-737.0447
-737.007
-736.9687
-736.9305
-736.8923
-736.8541
-736.8159
-736.7776
-736.7394
-736.7012
-736.663
-736.6248
-736.5866
-736.5484
-736.5102
-736.472
-736.4338
-736.3956
-736.3574
-736.3192
-736.2809
-736.2427
-736.2045
