448.5
448.5005
448.5014
448.5028
448.5047
448.507
448.5098
448.5131
448.5168
448.5211
448.5257
448.5309
448.5365
448.5426
448.5491
448.5562
448.5636
448.5716
448.58
448.5889
448.5983
448.6081
448.6184
448.6292
448.6404
448.6521
448.6643
448.6769
448.6901
448.7036
448.7177
448.7322
448.7472
448.7626
448.7786
448.795
448.8118
448.8291
448.8469
448.8652
448.8839
448.9031
448.9228
448.9429
448.9635
448.9846
449.0061
449.0281
449.0506
449.0735
449.0969
449.1208
449.1451
449.17
449.1952
449.221
449.2472
449.2739
449.301
449.3286
449.3568
449.3853
449.4143
449.4438
449.4738
449.5042
449.5352
449.5665
449.5984
449.6307
449.6635
449.6967
449.7304
449.7646
449.7992
449.8344
449.8699
449.906
449.9425
449.9795
450.0164
450.0533
450.0902
450.1271
450.164
450.2009
450.2378
450.2747
450.3116
450.3484
450.3853
450.4222
450.4591
450.496
450.5329
450.5698
450.6067
450.6436
450.6805
450.7174
