-229
-229.0003
-229.0008
-229.0016
-229.0027
-229.004
-229.0056
-229.0075
-229.0096
-229.0121
-229.0147
-229.0177
-229.0209
-229.0244
-229.0281
-229.0321
-229.0364
-229.0409
-229.0457
-229.0508
-229.0562
-229.0618
-229.0676
-229.0738
-229.0802
-229.0869
-229.0938
-229.101
-229.1085
-229.1163
-229.1243
-229.1326
-229.1411
-229.1499
-229.159
-229.1684
-229.178
-229.1879
-229.198
-229.2084
-229.2191
-229.2301
-229.2413
-229.2528
-229.2646
-229.2766
-229.2889
-229.3015
-229.3143
-229.3274
-229.3407
-229.3544
-229.3683
-229.3824
-229.3969
-229.4116
-229.4265
-229.4418
-229.4573
-229.473
-229.4891
-229.5054
-229.5219
-229.5388
-229.5559
-229.5732
-229.5909
-229.6088
-229.6269
-229.6454
-229.6641
-229.683
-229.7023
-229.7218
-229.7416
-229.7616
-229.7819
-229.8025
-229.8233
-229.8444
-229.8655
-229.8866
-229.9077
-229.9287
-229.9498
-229.9709
-229.9919
-230.013
-230.0341
-230.0552
-230.0762
-230.0973
-230.1184
-230.1395
-230.1605
-230.1816
-230.2027
-230.2237
-230.2448
-230.2659
